60
hyp18070   0.00000000 0.00582971 0.00340948 0.00395168 0.00365702 0.00328587 0.00529670 0.00353408 0.00266405 0.00591172 0.00585921 0.00256214 0.00261651 0.00262477 0.00350152 0.00374135 0.00299617 0.00259706 0.00347906 0.00314107 0.00342195 0.00336744 0.00362522 0.00351564 0.00244549 0.00255379 0.00262410 0.00241187 0.00358467 0.00346301 0.00337843 0.00300613 0.00314303 0.00287911 0.00233877 0.00241421 0.00273513 0.00271845 0.00352411 0.00323984 0.00292709 0.00324219 0.00343489 0.00308595 0.00372356 0.00300262 0.00376196 0.00235776 0.00366006 0.00566466 0.00324025 0.00301322 0.00315596 0.00339929 0.01912402 0.01973417 0.00594208 0.00347082 0.00571346 0.00341589 
hyp18191   0.00582971 0.00000000 0.00502526 0.00555762 0.00505654 0.00473415 0.00113784 0.00520836 0.00526080 0.00147253 0.00136371 0.00543482 0.00561886 0.00550170 0.00515108 0.00556207 0.00421339 0.00562064 0.00485687 0.00616957 0.00527704 0.00510435 0.00435511 0.00501412 0.00548105 0.00472548 0.00573112 0.00513688 0.00551338 0.00392493 0.00443929 0.00367239 0.00592532 0.00570332 0.00536153 0.00480521 0.00558931 0.00353042 0.00412676 0.00490822 0.00443529 0.00484257 0.00442301 0.00453485 0.00488177 0.00577354 0.00596143 0.00476351 0.00522125 0.00128732 0.00536546 0.00468555 0.00453762 0.00475448 0.02280216 0.02360672 0.00150170 0.00565008 0.00118502 0.00530191 
hyp14037   0.00340948 0.00502526 0.00000000 0.00271657 0.00231195 0.00269407 0.00477852 0.00209330 0.00320302 0.00495730 0.00496542 0.00358765 0.00345670 0.00297902 0.00279221 0.00296500 0.00235156 0.00331134 0.00269620 0.00368868 0.00277180 0.00268400 0.00331142 0.00266974 0.00322279 0.00299338 0.00340415 0.00296850 0.00282239 0.00276238 0.00267952 0.00252778 0.00349728 0.00339366 0.00293968 0.00296565 0.00339237 0.00239214 0.00296755 0.00282107 0.00247857 0.00244582 0.00297363 0.00261535 0.00339192 0.00393534 0.00308552 0.00300920 0.00281885 0.00500775 0.00270082 0.00227434 0.00262441 0.00253680 0.01916836 0.01977091 0.00524554 0.00298149 0.00497483 0.00273214 
hyp14079   0.00395168 0.00555762 0.00271657 0.00000000 0.00245996 0.00268986 0.00510759 0.00257720 0.00339542 0.00565414 0.00538697 0.00369807 0.00354557 0.00342908 0.00312644 0.00314700 0.00272450 0.00349220 0.00298162 0.00409062 0.00302824 0.00301610 0.00318559 0.00337303 0.00349354 0.00333623 0.00370413 0.00346813 0.00355701 0.00300791 0.00284017 0.00245384 0.00390870 0.00383463 0.00329517 0.00312798 0.00373536 0.00264143 0.00321333 0.00290497 0.00269823 0.00284584 0.00331164 0.00250142 0.00329782 0.00385596 0.00326248 0.00313528 0.00323067 0.00546566 0.00303422 0.00274546 0.00282854 0.00288354 0.01779133 0.01823299 0.00550672 0.00313785 0.00517090 0.00302566 
hyp14065   0.00365702 0.00505654 0.00231195 0.00245996 0.00000000 0.00254631 0.00462887 0.00202375 0.00331939 0.00522899 0.00520159 0.00356223 0.00358421 0.00326040 0.00288585 0.00307095 0.00253587 0.00314037 0.00277663 0.00383437 0.00276214 0.00275808 0.00293282 0.00292333 0.00313211 0.00298357 0.00340946 0.00307633 0.00321983 0.00267957 0.00262115 0.00247058 0.00361443 0.00363129 0.00305233 0.00299609 0.00342745 0.00249007 0.00314657 0.00272987 0.00235801 0.00273660 0.00302461 0.00242406 0.00316303 0.00378370 0.00296816 0.00299688 0.00315726 0.00511592 0.00275445 0.00242688 0.00249795 0.00261410 0.01824617 0.01883325 0.00516843 0.00286058 0.00509829 0.00286804 
hyp14120   0.00328587 0.00473415 0.00269407 0.00268986 0.00254631 0.00000000 0.00446986 0.00253380 0.00290983 0.00477790 0.00453624 0.00334434 0.00331015 0.00327583 0.00280579 0.00288959 0.00209062 0.00307783 0.00266063 0.00356619 0.00274733 0.00251857 0.00270081 0.00269700 0.00325027 0.00287051 0.00329685 0.00305299 0.00283279 0.00239134 0.00224186 0.00221590 0.00335284 0.00324109 0.00265567 0.00266477 0.00324053 0.00227271 0.00273645 0.00239147 0.00224680 0.00259628 0.00298575 0.00249214 0.00288987 0.00340554 0.00276810 0.00287203 0.00281967 0.00462276 0.00260873 0.00231285 0.00255303 0.00245016 0.01254729 0.01276985 0.00488619 0.00265647 0.00466283 0.00274472 
hyp18159   0.00529670 0.00113784 0.00477852 0.00510759 0.00462887 0.00446986 0.00000000 0.00460243 0.00478790 0.00098557 0.00100276 0.00487327 0.00523117 0.00496354 0.00475043 0.00516470 0.00372172 0.00508807 0.00454124 0.00574633 0.00457885 0.00456650 0.00407129 0.00460447 0.00513272 0.00436352 0.00512685 0.00475928 0.00517995 0.00377884 0.00405342 0.00333138 0.00536499 0.00527847 0.00478010 0.00432710 0.00500672 0.00322535 0.00373298 0.00456289 0.00409723 0.00430218 0.00380948 0.00397977 0.00455679 0.00530602 0.00556481 0.00424818 0.00502051 0.00116206 0.00478563 0.00430735 0.00419454 0.00449041 0.02139782 0.02207848 0.00096023 0.00511246 0.00098564 0.00482777 
hyp14075   0.00353408 0.00520836 0.00209330 0.00257720 0.00202375 0.00253380 0.00460243 0.00000000 0.00319869 0.00521145 0.00533264 0.00357079 0.00324132 0.00333151 0.00272906 0.00274378 0.00250098 0.00321120 0.00275934 0.00380379 0.00233433 0.00260652 0.00306371 0.00285642 0.00327471 0.00312618 0.00336313 0.00303699 0.00300020 0.00248654 0.00235342 0.00252176 0.00362733 0.00362524 0.00311248 0.00295209 0.00334224 0.00248424 0.00302473 0.00268249 0.00237642 0.00258304 0.00291181 0.00235450 0.00313389 0.00367935 0.00266178 0.00293420 0.00284927 0.00512073 0.00266133 0.00231005 0.00261204 0.00242389 0.01811339 0.01891462 0.00540798 0.00250296 0.00514891 0.00261807 
hyp20218   0.00266405 0.00526080 0.00320302 0.00339542 0.00331939 0.00290983 0.00478790 0.00319869 0.00000000 0.00526753 0.00540371 0.00246341 0.00238668 0.00224633 0.00330932 0.00338925 0.00266082 0.00209905 0.00336330 0.00257608 0.00307399 0.00314238 0.00317126 0.00322235 0.00253656 0.00235910 0.00230778 0.00232281 0.00334771 0.00305448 0.00290132 0.00272594 0.00257206 0.00259389 0.00221119 0.00222209 0.00243822 0.00239877 0.00306637 0.00301798 0.00270909 0.00273901 0.00303477 0.00268886 0.00341648 0.00261090 0.00347506 0.00228031 0.00325642 0.00542510 0.00308361 0.00292532 0.00315088 0.00300474 0.01699513 0.01765843 0.00526456 0.00319481 0.00523815 0.00309566 
hyp19177   0.00591172 0.00147253 0.00495730 0.00565414 0.00522899 0.00477790 0.00098557 0.00521145 0.00526753 0.00000000 0.00129499 0.00567893 0.00567693 0.00550905 0.00506533 0.00550039 0.00412740 0.00541039 0.00485232 0.00612420 0.00523071 0.00507829 0.00436509 0.00499253 0.00561423 0.00496206 0.00567291 0.00499588 0.00578881 0.00412124 0.00430819 0.00371519 0.00581972 0.00576500 0.00519040 0.00439101 0.00547519 0.00352395 0.00406609 0.00498310 0.00449345 0.00459389 0.00425469 0.00437694 0.00479638 0.00571138 0.00610660 0.00469258 0.00533319 0.00120765 0.00516165 0.00436898 0.00451178 0.00473554 0.02240040 0.02317542 0.00137087 0.00552800 0.00132566 0.00516682 
hyp19178   0.00585921 0.00136371 0.00496542 0.00538697 0.00520159 0.00453624 0.00100276 0.00533264 0.00540371 0.00129499 0.00000000 0.00530564 0.00558207 0.00543467 0.00510332 0.00522421 0.00418184 0.00541793 0.00485669 0.00621843 0.00522419 0.00481438 0.00445244 0.00500777 0.00573917 0.00468504 0.00551750 0.00518501 0.00542777 0.00393520 0.00439033 0.00363367 0.00578185 0.00592602 0.00521598 0.00470690 0.00560110 0.00342411 0.00403354 0.00494440 0.00433524 0.00471206 0.00411058 0.00425945 0.00480406 0.00558238 0.00577317 0.00464045 0.00542490 0.00127348 0.00524033 0.00460405 0.00449834 0.00480637 0.02234445 0.02294725 0.00120457 0.00552959 0.00101630 0.00515842 
hyp20213   0.00256214 0.00543482 0.00358765 0.00369807 0.00356223 0.00334434 0.00487327 0.00357079 0.00246341 0.00567893 0.00530564 0.00000000 0.00275659 0.00266385 0.00341029 0.00355490 0.00286460 0.00236060 0.00332324 0.00295853 0.00349464 0.00336352 0.00356397 0.00341374 0.00256887 0.00243066 0.00247855 0.00249967 0.00366232 0.00335008 0.00336134 0.00305413 0.00283792 0.00285296 0.00237125 0.00234904 0.00258732 0.00284488 0.00336400 0.00329190 0.00283925 0.00301629 0.00346354 0.00304935 0.00363881 0.00294282 0.00370085 0.00242340 0.00373205 0.00541106 0.00326331 0.00323940 0.00322104 0.00311671 0.01580600 0.01592820 0.00565732 0.00353816 0.00544390 0.00339563 
hypFMNH454 0.00261651 0.00561886 0.00345670 0.00354557 0.00358421 0.00331015 0.00523117 0.00324132 0.00238668 0.00567693 0.00558207 0.00275659 0.00000000 0.00266223 0.00341849 0.00361430 0.00294826 0.00233151 0.00341330 0.00274199 0.00331676 0.00331084 0.00351384 0.00331470 0.00261092 0.00222291 0.00229915 0.00249733 0.00386417 0.00301135 0.00341377 0.00268897 0.00280230 0.00262969 0.00235472 0.00213608 0.00244530 0.00270393 0.00347245 0.00304177 0.00280891 0.00306645 0.00337344 0.00290423 0.00371015 0.00254829 0.00341976 0.00212328 0.00370965 0.00575164 0.00336742 0.00308898 0.00316969 0.00315543 0.01615058 0.01664811 0.00552467 0.00333724 0.00543499 0.00319561 
hyp25637   0.00262477 0.00550170 0.00297902 0.00342908 0.00326040 0.00327583 0.00496354 0.00333151 0.00224633 0.00550905 0.00543467 0.00266385 0.00266223 0.00000000 0.00322944 0.00337955 0.00276754 0.00209527 0.00333119 0.00239244 0.00307856 0.00294363 0.00328731 0.00335328 0.00227854 0.00216339 0.00226304 0.00218696 0.00358168 0.00320586 0.00299820 0.00263077 0.00223094 0.00253574 0.00227941 0.00216278 0.00247757 0.00246249 0.00322663 0.00303654 0.00271448 0.00270466 0.00318954 0.00282305 0.00334979 0.00237658 0.00343015 0.00227723 0.00342158 0.00570823 0.00320948 0.00288505 0.00297296 0.00295125 0.01889137 0.01956467 0.00559150 0.00325590 0.00536483 0.00318620 
hyp1271    0.00350152 0.00515108 0.00279221 0.00312644 0.00288585 0.00280579 0.00475043 0.00272906 0.00330932 0.00506533 0.00510332 0.00341029 0.00341849 0.00322944 0.00000000 0.00299731 0.00243672 0.00329862 0.00275826 0.00395842 0.00290918 0.00275205 0.00316019 0.00308859 0.00321962 0.00319697 0.00335999 0.00293220 0.00306247 0.00292375 0.00274812 0.00242953 0.00355971 0.00329090 0.00305113 0.00304220 0.00343926 0.00246792 0.00297639 0.00284318 0.00236391 0.00262089 0.00293547 0.00244503 0.00318622 0.00353880 0.00291719 0.00306769 0.00306084 0.00510778 0.00276614 0.00254300 0.00255404 0.00250954 0.01886366 0.01952046 0.00524362 0.00292525 0.00528490 0.00281600 
hyp1273    0.00374135 0.00556207 0.00296500 0.00314700 0.00307095 0.00288959 0.00516470 0.00274378 0.00338925 0.00550039 0.00522421 0.00355490 0.00361430 0.00337955 0.00299731 0.00000000 0.00254885 0.00339281 0.00271182 0.00414117 0.00283651 0.00279238 0.00313260 0.00293095 0.00353353 0.00333585 0.00366574 0.00334801 0.00317217 0.00289334 0.00295867 0.00269002 0.00370595 0.00367560 0.00308400 0.00322277 0.00354236 0.00254899 0.00304083 0.00284302 0.00260310 0.00284673 0.00321240 0.00247759 0.00338646 0.00379548 0.00309867 0.00301036 0.00297098 0.00540787 0.00289381 0.00267507 0.00264887 0.00250049 0.01962803 0.02033112 0.00564922 0.00290212 0.00545993 0.00298476 
hyp1275    0.00299617 0.00421339 0.00235156 0.00272450 0.00253587 0.00209062 0.00372172 0.00250098 0.00266082 0.00412740 0.00418184 0.00286460 0.00294826 0.00276754 0.00243672 0.00254885 0.00000000 0.00280793 0.00253516 0.00340990 0.00243899 0.00241293 0.00272637 0.00240304 0.00283686 0.00255322 0.00295662 0.00286120 0.00278578 0.00209711 0.00224168 0.00227192 0.00308424 0.00300135 0.00266295 0.00269189 0.00283462 0.00195021 0.00233878 0.00246944 0.00210778 0.00230495 0.00253499 0.00200922 0.00275417 0.00317360 0.00242287 0.00237194 0.00252687 0.00402053 0.00238459 0.00218320 0.00220107 0.00213551 0.01392190 0.01433605 0.00423470 0.00225718 0.00417023 0.00231077 
hyp25921   0.00259706 0.00562064 0.00331134 0.00349220 0.00314037 0.00307783 0.00508807 0.00321120 0.00209905 0.00541039 0.00541793 0.00236060 0.00233151 0.00209527 0.00329862 0.00339281 0.00280793 0.00000000 0.00328382 0.00248299 0.00317556 0.00307714 0.00322876 0.00344153 0.00249034 0.00224284 0.00223322 0.00202405 0.00343589 0.00310223 0.00303843 0.00287445 0.00259066 0.00238975 0.00205147 0.00215460 0.00236940 0.00270087 0.00322052 0.00294691 0.00280316 0.00296665 0.00313799 0.00293501 0.00350367 0.00257985 0.00341488 0.00224305 0.00345193 0.00568673 0.00316088 0.00274727 0.00315465 0.00279993 0.01778020 0.01830037 0.00548043 0.00329090 0.00547170 0.00329577 
hyp3274    0.00347906 0.00485687 0.00269620 0.00298162 0.00277663 0.00266063 0.00454124 0.00275934 0.00336330 0.00485232 0.00485669 0.00332324 0.00341330 0.00333119 0.00275826 0.00271182 0.00253516 0.00328382 0.00000000 0.00376047 0.00270431 0.00269540 0.00330075 0.00281556 0.00305969 0.00301016 0.00344834 0.00298078 0.00300793 0.00269053 0.00283582 0.00241664 0.00362820 0.00360838 0.00295840 0.00295075 0.00320649 0.00243374 0.00291923 0.00255253 0.00235871 0.00269543 0.00289774 0.00226148 0.00320546 0.00368507 0.00293631 0.00289069 0.00284362 0.00467192 0.00270543 0.00232208 0.00260537 0.00249480 0.01678226 0.01716894 0.00506350 0.00285166 0.00493487 0.00278192 
hyp26984   0.00314107 0.00616957 0.00368868 0.00409062 0.00383437 0.00356619 0.00574633 0.00380379 0.00257608 0.00612420 0.00621843 0.00295853 0.00274199 0.00239244 0.00395842 0.00414117 0.00340990 0.00248299 0.00376047 0.00000000 0.00360426 0.00351761 0.00375311 0.00387825 0.00266782 0.00268674 0.00264306 0.00251989 0.00391180 0.00349071 0.00357524 0.00325893 0.00288269 0.00289097 0.00261480 0.00246077 0.00276006 0.00309886 0.00385563 0.00376636 0.00317628 0.00327280 0.00380576 0.00304977 0.00408515 0.00304653 0.00391681 0.00249990 0.00392734 0.00618574 0.00356755 0.00321366 0.00346055 0.00343386 0.01952886 0.02025097 0.00620428 0.00378466 0.00609470 0.00386399 
hyp3208    0.00342195 0.00527704 0.00277180 0.00302824 0.00276214 0.00274733 0.00457885 0.00233433 0.00307399 0.00523071 0.00522419 0.00349464 0.00331676 0.00307856 0.00290918 0.00283651 0.00243899 0.00317556 0.00270431 0.00360426 0.00000000 0.00248371 0.00282181 0.00270399 0.00323394 0.00303486 0.00341417 0.00304955 0.00306038 0.00255304 0.00231301 0.00246813 0.00325517 0.00339429 0.00285470 0.00296461 0.00320831 0.00251804 0.00280855 0.00252540 0.00240500 0.00269782 0.00290020 0.00226254 0.00314129 0.00351453 0.00274930 0.00294537 0.00297427 0.00505389 0.00265652 0.00225772 0.00236832 0.00261137 0.01864480 0.01928000 0.00530346 0.00273574 0.00518612 0.00279692 
hyp3158    0.00336744 0.00510435 0.00268400 0.00301610 0.00275808 0.00251857 0.00456650 0.00260652 0.00314238 0.00507829 0.00481438 0.00336352 0.00331084 0.00294363 0.00275205 0.00279238 0.00241293 0.00307714 0.00269540 0.00351761 0.00248371 0.00000000 0.00285380 0.00294217 0.00320033 0.00309810 0.00335374 0.00294183 0.00279370 0.00285054 0.00248824 0.00239337 0.00340133 0.00344662 0.00291824 0.00291472 0.00310216 0.00220948 0.00286039 0.00245566 0.00234823 0.00249586 0.00278068 0.00254879 0.00302881 0.00341952 0.00284720 0.00287953 0.00288915 0.00502312 0.00254878 0.00232345 0.00252218 0.00254910 0.01849348 0.01918063 0.00516056 0.00275049 0.00498531 0.00266930 
hyp2253    0.00362522 0.00435511 0.00331142 0.00318559 0.00293282 0.00270081 0.00407129 0.00306371 0.00317126 0.00436509 0.00445244 0.00356397 0.00351384 0.00328731 0.00316019 0.00313260 0.00272637 0.00322876 0.00330075 0.00375311 0.00282181 0.00285380 0.00000000 0.00310830 0.00345185 0.00312532 0.00342424 0.00338301 0.00312185 0.00274404 0.00279035 0.00251098 0.00351616 0.00344504 0.00316214 0.00301578 0.00351728 0.00225257 0.00282005 0.00286326 0.00258133 0.00256624 0.00276645 0.00266005 0.00298892 0.00361056 0.00331063 0.00290680 0.00301318 0.00445357 0.00307809 0.00264532 0.00258519 0.00291336 0.01761131 0.01813868 0.00446495 0.00302805 0.00465099 0.00317210 
hyp3095    0.00351564 0.00501412 0.00266974 0.00337303 0.00292333 0.00269700 0.00460447 0.00285642 0.00322235 0.00499253 0.00500777 0.00341374 0.00331470 0.00335328 0.00308859 0.00293095 0.00240304 0.00344153 0.00281556 0.00387825 0.00270399 0.00294217 0.00310830 0.00000000 0.00338843 0.00314490 0.00352636 0.00342967 0.00304126 0.00279588 0.00288120 0.00275844 0.00369484 0.00353127 0.00316437 0.00293482 0.00360174 0.00241345 0.00292324 0.00256324 0.00251309 0.00245145 0.00294303 0.00248424 0.00340536 0.00365579 0.00298849 0.00303210 0.00298448 0.00506629 0.00269523 0.00239657 0.00263657 0.00257317 0.01869320 0.01950367 0.00536982 0.00306315 0.00497032 0.00301252 
hyp462070  0.00244549 0.00548105 0.00322279 0.00349354 0.00313211 0.00325027 0.00513272 0.00327471 0.00253656 0.00561423 0.00573917 0.00256887 0.00261092 0.00227854 0.00321962 0.00353353 0.00283686 0.00249034 0.00305969 0.00266782 0.00323394 0.00320033 0.00345185 0.00338843 0.00000000 0.00261032 0.00240551 0.00227680 0.00357103 0.00322349 0.00306515 0.00266213 0.00262643 0.00247872 0.00223467 0.00240790 0.00254177 0.00268669 0.00341807 0.00325913 0.00279930 0.00281200 0.00339481 0.00278890 0.00355567 0.00286390 0.00351627 0.00243314 0.00336639 0.00556768 0.00315197 0.00282233 0.00308376 0.00299203 0.01880547 0.01940076 0.00582672 0.00325831 0.00570084 0.00327282 
hyp25675   0.00255379 0.00472548 0.00299338 0.00333623 0.00298357 0.00287051 0.00436352 0.00312618 0.00235910 0.00496206 0.00468504 0.00243066 0.00222291 0.00216339 0.00319697 0.00333585 0.00255322 0.00224284 0.00301016 0.00268674 0.00303486 0.00309810 0.00312532 0.00314490 0.00261032 0.00000000 0.00245244 0.00251335 0.00345599 0.00276429 0.00304789 0.00271680 0.00253283 0.00276815 0.00239639 0.00208291 0.00251049 0.00254220 0.00321755 0.00304032 0.00272766 0.00285061 0.00307081 0.00268104 0.00339103 0.00247533 0.00331806 0.00207567 0.00321254 0.00488330 0.00307415 0.00278233 0.00274446 0.00303784 0.01325226 0.01351152 0.00478735 0.00323061 0.00457863 0.00311004 
hyp454950  0.00262410 0.00573112 0.00340415 0.00370413 0.00340946 0.00329685 0.00512685 0.00336313 0.00230778 0.00567291 0.00551750 0.00247855 0.00229915 0.00226304 0.00335999 0.00366574 0.00295662 0.00223322 0.00344834 0.00264306 0.00341417 0.00335374 0.00342424 0.00352636 0.00240551 0.00245244 0.00000000 0.00238713 0.00374096 0.00329144 0.00319721 0.00307666 0.00245322 0.00256330 0.00241251 0.00221194 0.00244085 0.00292383 0.00351664 0.00333653 0.00292578 0.00302483 0.00339214 0.00297085 0.00373424 0.00263118 0.00363098 0.00219332 0.00356365 0.00561045 0.00335320 0.00297318 0.00308478 0.00309823 0.01961360 0.02018997 0.00575339 0.00337207 0.00534255 0.00317400 
hyp25880   0.00241187 0.00513688 0.00296850 0.00346813 0.00307633 0.00305299 0.00475928 0.00303699 0.00232281 0.00499588 0.00518501 0.00249967 0.00249733 0.00218696 0.00293220 0.00334801 0.00286120 0.00202405 0.00298078 0.00251989 0.00304955 0.00294183 0.00338301 0.00342967 0.00227680 0.00251335 0.00238713 0.00000000 0.00326946 0.00292287 0.00294569 0.00258600 0.00259794 0.00233436 0.00205797 0.00224956 0.00232615 0.00255829 0.00323008 0.00305338 0.00277873 0.00279660 0.00300061 0.00280566 0.00341110 0.00245352 0.00332876 0.00207495 0.00329179 0.00530073 0.00299990 0.00259161 0.00280831 0.00272207 0.01671661 0.01724844 0.00527968 0.00298448 0.00528078 0.00311826 
hyp3314    0.00358467 0.00551338 0.00282239 0.00355701 0.00321983 0.00283279 0.00517995 0.00300020 0.00334771 0.00578881 0.00542777 0.00366232 0.00386417 0.00358168 0.00306247 0.00317217 0.00278578 0.00343589 0.00300793 0.00391180 0.00306038 0.00279370 0.00312185 0.00304126 0.00357103 0.00345599 0.00374096 0.00326946 0.00000000 0.00288186 0.00309163 0.00287048 0.00378676 0.00391044 0.00310475 0.00308091 0.00377904 0.00293116 0.00304582 0.00319343 0.00268581 0.00279374 0.00336584 0.00277140 0.00346142 0.00394152 0.00307642 0.00329005 0.00329701 0.00555919 0.00299912 0.00266947 0.00285558 0.00260601 0.01927183 0.01985808 0.00572012 0.00303740 0.00560486 0.00323451 
hyp357608  0.00346301 0.00392493 0.00276238 0.00300791 0.00267957 0.00239134 0.00377884 0.00248654 0.00305448 0.00412124 0.00393520 0.00335008 0.00301135 0.00320586 0.00292375 0.00289334 0.00209711 0.00310223 0.00269053 0.00349071 0.00255304 0.00285054 0.00274404 0.00279588 0.00322349 0.00276429 0.00329144 0.00292287 0.00288186 0.00000000 0.00246878 0.00218708 0.00327933 0.00323535 0.00296586 0.00246592 0.00322819 0.00215821 0.00300099 0.00266421 0.00262470 0.00251801 0.00273720 0.00239131 0.00297119 0.00336352 0.00300471 0.00262481 0.00269215 0.00414071 0.00277508 0.00233061 0.00289591 0.00248048 0.01272571 0.01298873 0.00427898 0.00261253 0.00394723 0.00300502 
hyp357615  0.00337843 0.00443929 0.00267952 0.00284017 0.00262115 0.00224186 0.00405342 0.00235342 0.00290132 0.00430819 0.00439033 0.00336134 0.00341377 0.00299820 0.00274812 0.00295867 0.00224168 0.00303843 0.00283582 0.00357524 0.00231301 0.00248824 0.00279035 0.00288120 0.00306515 0.00304789 0.00319721 0.00294569 0.00309163 0.00246878 0.00000000 0.00233985 0.00336298 0.00321338 0.00284328 0.00289247 0.00304694 0.00226201 0.00268795 0.00254722 0.00234289 0.00258655 0.00245985 0.00235663 0.00274172 0.00339921 0.00284048 0.00300911 0.00271004 0.00430262 0.00248334 0.00215657 0.00240324 0.00230211 0.01838086 0.01916937 0.00460232 0.00260028 0.00440834 0.00278431 
hyp357612  0.00300613 0.00367239 0.00252778 0.00245384 0.00247058 0.00221590 0.00333138 0.00252176 0.00272594 0.00371519 0.00363367 0.00305413 0.00268897 0.00263077 0.00242953 0.00269002 0.00227192 0.00287445 0.00241664 0.00325893 0.00246813 0.00239337 0.00251098 0.00275844 0.00266213 0.00271680 0.00307666 0.00258600 0.00287048 0.00218708 0.00233985 0.00000000 0.00319900 0.00294065 0.00263005 0.00229510 0.00295622 0.00202966 0.00245011 0.00238638 0.00222782 0.00213086 0.00251688 0.00201643 0.00264483 0.00300783 0.00259186 0.00233739 0.00264105 0.00362889 0.00243671 0.00228226 0.00233342 0.00212812 0.01141320 0.01157724 0.00361732 0.00241664 0.00357435 0.00261238 
hyp19638   0.00314303 0.00592532 0.00349728 0.00390870 0.00361443 0.00335284 0.00536499 0.00362733 0.00257206 0.00581972 0.00578185 0.00283792 0.00280230 0.00223094 0.00355971 0.00370595 0.00308424 0.00259066 0.00362820 0.00288269 0.00325517 0.00340133 0.00351616 0.00369484 0.00262643 0.00253283 0.00245322 0.00259794 0.00378676 0.00327933 0.00336298 0.00319900 0.00000000 0.00277648 0.00245617 0.00218642 0.00255719 0.00294277 0.00356791 0.00354806 0.00284971 0.00325805 0.00353822 0.00297372 0.00381101 0.00304091 0.00349938 0.00247166 0.00379868 0.00592891 0.00361793 0.00308339 0.00330430 0.00331809 0.01864368 0.01910965 0.00597277 0.00352377 0.00578747 0.00355903 
hyp25868   0.00287911 0.00570332 0.00339366 0.00383463 0.00363129 0.00324109 0.00527847 0.00362524 0.00259389 0.00576500 0.00592602 0.00285296 0.00262969 0.00253574 0.00329090 0.00367560 0.00300135 0.00238975 0.00360838 0.00289097 0.00339429 0.00344662 0.00344504 0.00353127 0.00247872 0.00276815 0.00256330 0.00233436 0.00391044 0.00323535 0.00321338 0.00294065 0.00277648 0.00000000 0.00249604 0.00242313 0.00256902 0.00292158 0.00365313 0.00338861 0.00301519 0.00300376 0.00370641 0.00308336 0.00378782 0.00251892 0.00373495 0.00234982 0.00367100 0.00569766 0.00349905 0.00308841 0.00327628 0.00337359 0.01965521 0.02035040 0.00589682 0.00327713 0.00557923 0.00346090 
hyp17969   0.00233877 0.00536153 0.00293968 0.00329517 0.00305233 0.00265567 0.00478010 0.00311248 0.00221119 0.00519040 0.00521598 0.00237125 0.00235472 0.00227941 0.00305113 0.00308400 0.00266295 0.00205147 0.00295840 0.00261480 0.00285470 0.00291824 0.00316214 0.00316437 0.00223467 0.00239639 0.00241251 0.00205797 0.00310475 0.00296586 0.00284328 0.00263005 0.00245617 0.00249604 0.00000000 0.00227142 0.00248362 0.00251267 0.00317281 0.00288331 0.00270120 0.00256844 0.00308525 0.00265390 0.00327516 0.00253576 0.00314118 0.00220530 0.00308597 0.00522182 0.00291263 0.00243330 0.00262250 0.00263976 0.01714831 0.01757668 0.00532533 0.00291709 0.00508760 0.00288264 
hyp25672   0.00241421 0.00480521 0.00296565 0.00312798 0.00299609 0.00266477 0.00432710 0.00295209 0.00222209 0.00439101 0.00470690 0.00234904 0.00213608 0.00216278 0.00304220 0.00322277 0.00269189 0.00215460 0.00295075 0.00246077 0.00296461 0.00291472 0.00301578 0.00293482 0.00240790 0.00208291 0.00221194 0.00224956 0.00308091 0.00246592 0.00289247 0.00229510 0.00218642 0.00242313 0.00227142 0.00000000 0.00211140 0.00239259 0.00304357 0.00283653 0.00262482 0.00283615 0.00286982 0.00269886 0.00342587 0.00235901 0.00321075 0.00190254 0.00316413 0.00466538 0.00291613 0.00277002 0.00277387 0.00279688 0.01330741 0.01356428 0.00489947 0.00293711 0.00473456 0.00319413 
hyp26975   0.00273513 0.00558931 0.00339237 0.00373536 0.00342745 0.00324053 0.00500672 0.00334224 0.00243822 0.00547519 0.00560110 0.00258732 0.00244530 0.00247757 0.00343926 0.00354236 0.00283462 0.00236940 0.00320649 0.00276006 0.00320831 0.00310216 0.00351728 0.00360174 0.00254177 0.00251049 0.00244085 0.00232615 0.00377904 0.00322819 0.00304694 0.00295622 0.00255719 0.00256902 0.00248362 0.00211140 0.00000000 0.00270316 0.00334632 0.00313721 0.00282332 0.00303770 0.00330413 0.00287063 0.00353240 0.00270704 0.00347093 0.00212548 0.00363046 0.00557649 0.00311717 0.00284014 0.00297000 0.00325808 0.01811458 0.01850920 0.00573376 0.00333344 0.00548976 0.00320071 
hyp2229    0.00271845 0.00353042 0.00239214 0.00264143 0.00249007 0.00227271 0.00322535 0.00248424 0.00239877 0.00352395 0.00342411 0.00284488 0.00270393 0.00246249 0.00246792 0.00254899 0.00195021 0.00270087 0.00243374 0.00309886 0.00251804 0.00220948 0.00225257 0.00241345 0.00268669 0.00254220 0.00292383 0.00255829 0.00293116 0.00215821 0.00226201 0.00202966 0.00294277 0.00292158 0.00251267 0.00239259 0.00270316 0.00000000 0.00231830 0.00237695 0.00217549 0.00229509 0.00227652 0.00204854 0.00215017 0.00307824 0.00282488 0.00254191 0.00271251 0.00359265 0.00258341 0.00213516 0.00222465 0.00221567 0.01380838 0.01401798 0.00365370 0.00258887 0.00339409 0.00250848 
hyp2067    0.00352411 0.00412676 0.00296755 0.00321333 0.00314657 0.00273645 0.00373298 0.00302473 0.00306637 0.00406609 0.00403354 0.00336400 0.00347245 0.00322663 0.00297639 0.00304083 0.00233878 0.00322052 0.00291923 0.00385563 0.00280855 0.00286039 0.00282005 0.00292324 0.00341807 0.00321755 0.00351664 0.00323008 0.00304582 0.00300099 0.00268795 0.00245011 0.00356791 0.00365313 0.00317281 0.00304357 0.00334632 0.00231830 0.00000000 0.00273558 0.00257756 0.00288306 0.00255387 0.00260616 0.00284679 0.00360840 0.00335509 0.00302584 0.00297106 0.00401093 0.00285923 0.00254273 0.00266459 0.00269279 0.01908322 0.01971325 0.00425976 0.00314441 0.00402845 0.00298556 
hyp28329   0.00323984 0.00490822 0.00282107 0.00290497 0.00272987 0.00239147 0.00456289 0.00268249 0.00301798 0.00498310 0.00494440 0.00329190 0.00304177 0.00303654 0.00284318 0.00284302 0.00246944 0.00294691 0.00255253 0.00376636 0.00252540 0.00245566 0.00286326 0.00256324 0.00325913 0.00304032 0.00333653 0.00305338 0.00319343 0.00266421 0.00254722 0.00238638 0.00354806 0.00338861 0.00288331 0.00283653 0.00313721 0.00237695 0.00273558 0.00000000 0.00225193 0.00243904 0.00279557 0.00212346 0.00307723 0.00352584 0.00294921 0.00279894 0.00271127 0.00489833 0.00265346 0.00219960 0.00241864 0.00253692 0.01812214 0.01846692 0.00493626 0.00280306 0.00482720 0.00263039 
hyp28361   0.00292709 0.00443529 0.00247857 0.00269823 0.00235801 0.00224680 0.00409723 0.00237642 0.00270909 0.00449345 0.00433524 0.00283925 0.00280891 0.00271448 0.00236391 0.00260310 0.00210778 0.00280316 0.00235871 0.00317628 0.00240500 0.00234823 0.00258133 0.00251309 0.00279930 0.00272766 0.00292578 0.00277873 0.00268581 0.00262470 0.00234289 0.00222782 0.00284971 0.00301519 0.00270120 0.00262482 0.00282332 0.00217549 0.00257756 0.00225193 0.00000000 0.00216212 0.00271983 0.00212991 0.00274252 0.00313795 0.00248235 0.00242853 0.00234779 0.00443571 0.00227386 0.00200643 0.00209594 0.00209214 0.01531471 0.01577674 0.00440116 0.00242548 0.00428035 0.00237630 
hyp28376   0.00324219 0.00484257 0.00244582 0.00284584 0.00273660 0.00259628 0.00430218 0.00258304 0.00273901 0.00459389 0.00471206 0.00301629 0.00306645 0.00270466 0.00262089 0.00284673 0.00230495 0.00296665 0.00269543 0.00327280 0.00269782 0.00249586 0.00256624 0.00245145 0.00281200 0.00285061 0.00302483 0.00279660 0.00279374 0.00251801 0.00258655 0.00213086 0.00325805 0.00300376 0.00256844 0.00283615 0.00303770 0.00229509 0.00288306 0.00243904 0.00216212 0.00000000 0.00271802 0.00220488 0.00308662 0.00314498 0.00279270 0.00265372 0.00282794 0.00465491 0.00237789 0.00221969 0.00242434 0.00235862 0.01713908 0.01768146 0.00498550 0.00252734 0.00478340 0.00248524 
hyp2208    0.00343489 0.00442301 0.00297363 0.00331164 0.00302461 0.00298575 0.00380948 0.00291181 0.00303477 0.00425469 0.00411058 0.00346354 0.00337344 0.00318954 0.00293547 0.00321240 0.00253499 0.00313799 0.00289774 0.00380576 0.00290020 0.00278068 0.00276645 0.00294303 0.00339481 0.00307081 0.00339214 0.00300061 0.00336584 0.00273720 0.00245985 0.00251688 0.00353822 0.00370641 0.00308525 0.00286982 0.00330413 0.00227652 0.00255387 0.00279557 0.00271983 0.00271802 0.00000000 0.00238086 0.00285296 0.00342981 0.00309135 0.00293817 0.00303047 0.00417483 0.00295439 0.00262322 0.00260297 0.00276206 0.01859988 0.01951702 0.00423255 0.00297442 0.00414172 0.00301778 
hyp28294   0.00308595 0.00453485 0.00261535 0.00250142 0.00242406 0.00249214 0.00397977 0.00235450 0.00268886 0.00437694 0.00425945 0.00304935 0.00290423 0.00282305 0.00244503 0.00247759 0.00200922 0.00293501 0.00226148 0.00304977 0.00226254 0.00254879 0.00266005 0.00248424 0.00278890 0.00268104 0.00297085 0.00280566 0.00277140 0.00239131 0.00235663 0.00201643 0.00297372 0.00308336 0.00265390 0.00269886 0.00287063 0.00204854 0.00260616 0.00212346 0.00212991 0.00220488 0.00238086 0.00000000 0.00274796 0.00315936 0.00260831 0.00248971 0.00238549 0.00425068 0.00225224 0.00199073 0.00221123 0.00227852 0.01515839 0.01581415 0.00450233 0.00242596 0.00417025 0.00247290 
hyp1956    0.00372356 0.00488177 0.00339192 0.00329782 0.00316303 0.00288987 0.00455679 0.00313389 0.00341648 0.00479638 0.00480406 0.00363881 0.00371015 0.00334979 0.00318622 0.00338646 0.00275417 0.00350367 0.00320546 0.00408515 0.00314129 0.00302881 0.00298892 0.00340536 0.00355567 0.00339103 0.00373424 0.00341110 0.00346142 0.00297119 0.00274172 0.00264483 0.00381101 0.00378782 0.00327516 0.00342587 0.00353240 0.00215017 0.00284679 0.00307723 0.00274252 0.00308662 0.00285296 0.00274796 0.00000000 0.00368825 0.00345052 0.00314671 0.00337005 0.00480194 0.00310793 0.00301009 0.00292778 0.00296828 0.01982449 0.02035544 0.00474547 0.00322744 0.00464822 0.00301098 
hyp25670   0.00300262 0.00577354 0.00393534 0.00385596 0.00378370 0.00340554 0.00530602 0.00367935 0.00261090 0.00571138 0.00558238 0.00294282 0.00254829 0.00237658 0.00353880 0.00379548 0.00317360 0.00257985 0.00368507 0.00304653 0.00351453 0.00341952 0.00361056 0.00365579 0.00286390 0.00247533 0.00263118 0.00245352 0.00394152 0.00336352 0.00339921 0.00300783 0.00304091 0.00251892 0.00253576 0.00235901 0.00270704 0.00307824 0.00360840 0.00352584 0.00313795 0.00314498 0.00342981 0.00315936 0.00368825 0.00000000 0.00375079 0.00231424 0.00362972 0.00586117 0.00349275 0.00320769 0.00343498 0.00316976 0.01745653 0.01782417 0.00565833 0.00342288 0.00569082 0.00345133 
hyp20921   0.00376196 0.00596143 0.00308552 0.00326248 0.00296816 0.00276810 0.00556481 0.00266178 0.00347506 0.00610660 0.00577317 0.00370085 0.00341976 0.00343015 0.00291719 0.00309867 0.00242287 0.00341488 0.00293631 0.00391681 0.00274930 0.00284720 0.00331063 0.00298849 0.00351627 0.00331806 0.00363098 0.00332876 0.00307642 0.00300471 0.00284048 0.00259186 0.00349938 0.00373495 0.00314118 0.00321075 0.00347093 0.00282488 0.00335509 0.00294921 0.00248235 0.00279270 0.00309135 0.00260831 0.00345052 0.00375079 0.00000000 0.00295946 0.00309864 0.00598111 0.00270172 0.00250297 0.00269355 0.00275296 0.01961383 0.02030576 0.00605564 0.00289699 0.00587912 0.00281319 
hyp20193   0.00235776 0.00476351 0.00300920 0.00313528 0.00299688 0.00287203 0.00424818 0.00293420 0.00228031 0.00469258 0.00464045 0.00242340 0.00212328 0.00227723 0.00306769 0.00301036 0.00237194 0.00224305 0.00289069 0.00249990 0.00294537 0.00287953 0.00290680 0.00303210 0.00243314 0.00207567 0.00219332 0.00207495 0.00329005 0.00262481 0.00300911 0.00233739 0.00247166 0.00234982 0.00220530 0.00190254 0.00212548 0.00254191 0.00302584 0.00279894 0.00242853 0.00265372 0.00293817 0.00248971 0.00314671 0.00231424 0.00295946 0.00000000 0.00323161 0.00468072 0.00290611 0.00268719 0.00262963 0.00279923 0.01215268 0.01223990 0.00460836 0.00296030 0.00459038 0.00285911 
hyp28416   0.00366006 0.00522125 0.00281885 0.00323067 0.00315726 0.00281967 0.00502051 0.00284927 0.00325642 0.00533319 0.00542490 0.00373205 0.00370965 0.00342158 0.00306084 0.00297098 0.00252687 0.00345193 0.00284362 0.00392734 0.00297427 0.00288915 0.00301318 0.00298448 0.00336639 0.00321254 0.00356365 0.00329179 0.00329701 0.00269215 0.00271004 0.00264105 0.00379868 0.00367100 0.00308597 0.00316413 0.00363046 0.00271251 0.00297106 0.00271127 0.00234779 0.00282794 0.00303047 0.00238549 0.00337005 0.00362972 0.00309864 0.00323161 0.00000000 0.00533306 0.00272536 0.00238826 0.00257685 0.00275146 0.01788037 0.01865127 0.00547142 0.00299849 0.00513693 0.00280475 
hyp18193   0.00566466 0.00128732 0.00500775 0.00546566 0.00511592 0.00462276 0.00116206 0.00512073 0.00542510 0.00120765 0.00127348 0.00541106 0.00575164 0.00570823 0.00510778 0.00540787 0.00402053 0.00568673 0.00467192 0.00618574 0.00505389 0.00502312 0.00445357 0.00506629 0.00556768 0.00488330 0.00561045 0.00530073 0.00555919 0.00414071 0.00430262 0.00362889 0.00592891 0.00569766 0.00522182 0.00466538 0.00557649 0.00359265 0.00401093 0.00489833 0.00443571 0.00465491 0.00417483 0.00425068 0.00480194 0.00586117 0.00598111 0.00468072 0.00533306 0.00000000 0.00534727 0.00461511 0.00436968 0.00468652 0.02273924 0.02318481 0.00141773 0.00551643 0.00119499 0.00533186 
hyp27450   0.00324025 0.00536546 0.00270082 0.00303422 0.00275445 0.00260873 0.00478563 0.00266133 0.00308361 0.00516165 0.00524033 0.00326331 0.00336742 0.00320948 0.00276614 0.00289381 0.00238459 0.00316088 0.00270543 0.00356755 0.00265652 0.00254878 0.00307809 0.00269523 0.00315197 0.00307415 0.00335320 0.00299990 0.00299912 0.00277508 0.00248334 0.00243671 0.00361793 0.00349905 0.00291263 0.00291613 0.00311717 0.00258341 0.00285923 0.00265346 0.00227386 0.00237789 0.00295439 0.00225224 0.00310793 0.00349275 0.00270172 0.00290611 0.00272536 0.00534727 0.00000000 0.00217084 0.00247108 0.00265340 0.01914722 0.01977070 0.00532765 0.00254502 0.00522959 0.00256423 
hyp19046   0.00301322 0.00468555 0.00227434 0.00274546 0.00242688 0.00231285 0.00430735 0.00231005 0.00292532 0.00436898 0.00460405 0.00323940 0.00308898 0.00288505 0.00254300 0.00267507 0.00218320 0.00274727 0.00232208 0.00321366 0.00225772 0.00232345 0.00264532 0.00239657 0.00282233 0.00278233 0.00297318 0.00259161 0.00266947 0.00233061 0.00215657 0.00228226 0.00308339 0.00308841 0.00243330 0.00277002 0.00284014 0.00213516 0.00254273 0.00219960 0.00200643 0.00221969 0.00262322 0.00199073 0.00301009 0.00320769 0.00250297 0.00268719 0.00238826 0.00461511 0.00217084 0.00000000 0.00228232 0.00228664 0.01594273 0.01658695 0.00466662 0.00239997 0.00459024 0.00238785 
hyp19136   0.00315596 0.00453762 0.00262441 0.00282854 0.00249795 0.00255303 0.00419454 0.00261204 0.00315088 0.00451178 0.00449834 0.00322104 0.00316969 0.00297296 0.00255404 0.00264887 0.00220107 0.00315465 0.00260537 0.00346055 0.00236832 0.00252218 0.00258519 0.00263657 0.00308376 0.00274446 0.00308478 0.00280831 0.00285558 0.00289591 0.00240324 0.00233342 0.00330430 0.00327628 0.00262250 0.00277387 0.00297000 0.00222465 0.00266459 0.00241864 0.00209594 0.00242434 0.00260297 0.00221123 0.00292778 0.00343498 0.00269355 0.00262963 0.00257685 0.00436968 0.00247108 0.00228232 0.00000000 0.00242042 0.01715582 0.01780882 0.00463520 0.00267502 0.00422710 0.00267563 
hyp28676   0.00339929 0.00475448 0.00253680 0.00288354 0.00261410 0.00245016 0.00449041 0.00242389 0.00300474 0.00473554 0.00480637 0.00311671 0.00315543 0.00295125 0.00250954 0.00250049 0.00213551 0.00279993 0.00249480 0.00343386 0.00261137 0.00254910 0.00291336 0.00257317 0.00299203 0.00303784 0.00309823 0.00272207 0.00260601 0.00248048 0.00230211 0.00212812 0.00331809 0.00337359 0.00263976 0.00279688 0.00325808 0.00221567 0.00269279 0.00253692 0.00209214 0.00235862 0.00276206 0.00227852 0.00296828 0.00316976 0.00275296 0.00279923 0.00275146 0.00468652 0.00265340 0.00228664 0.00242042 0.00000000 0.01788242 0.01843884 0.00491236 0.00255172 0.00473701 0.00254229 
niKU28413  0.01912402 0.02280216 0.01916836 0.01779133 0.01824617 0.01254729 0.02139782 0.01811339 0.01699513 0.02240040 0.02234445 0.01580600 0.01615058 0.01889137 0.01886366 0.01962803 0.01392190 0.01778020 0.01678226 0.01952886 0.01864480 0.01849348 0.01761131 0.01869320 0.01880547 0.01325226 0.01961360 0.01671661 0.01927183 0.01272571 0.01838086 0.01141320 0.01864368 0.01965521 0.01714831 0.01330741 0.01811458 0.01380838 0.01908322 0.01812214 0.01531471 0.01713908 0.01859988 0.01515839 0.01982449 0.01745653 0.01961383 0.01215268 0.01788037 0.02273924 0.01914722 0.01594273 0.01715582 0.01788242 0.00000000 0.00032270 0.02309296 0.01891230 0.02209848 0.01886128 
niKU28414  0.01973417 0.02360672 0.01977091 0.01823299 0.01883325 0.01276985 0.02207848 0.01891462 0.01765843 0.02317542 0.02294725 0.01592820 0.01664811 0.01956467 0.01952046 0.02033112 0.01433605 0.01830037 0.01716894 0.02025097 0.01928000 0.01918063 0.01813868 0.01950367 0.01940076 0.01351152 0.02018997 0.01724844 0.01985808 0.01298873 0.01916937 0.01157724 0.01910965 0.02035040 0.01757668 0.01356428 0.01850920 0.01401798 0.01971325 0.01846692 0.01577674 0.01768146 0.01951702 0.01581415 0.02035544 0.01782417 0.02030576 0.01223990 0.01865127 0.02318481 0.01977070 0.01658695 0.01780882 0.01843884 0.00032270 0.00000000 0.02364703 0.01964430 0.02270655 0.01933551 
hyp29945   0.00594208 0.00150170 0.00524554 0.00550672 0.00516843 0.00488619 0.00096023 0.00540798 0.00526456 0.00137087 0.00120457 0.00565732 0.00552467 0.00559150 0.00524362 0.00564922 0.00423470 0.00548043 0.00506350 0.00620428 0.00530346 0.00516056 0.00446495 0.00536982 0.00582672 0.00478735 0.00575339 0.00527968 0.00572012 0.00427898 0.00460232 0.00361732 0.00597277 0.00589682 0.00532533 0.00489947 0.00573376 0.00365370 0.00425976 0.00493626 0.00440116 0.00498550 0.00423255 0.00450233 0.00474547 0.00565833 0.00605564 0.00460836 0.00547142 0.00141773 0.00532765 0.00466662 0.00463520 0.00491236 0.02309296 0.02364703 0.00000000 0.00546876 0.00106749 0.00531797 
hyp31636   0.00347082 0.00565008 0.00298149 0.00313785 0.00286058 0.00265647 0.00511246 0.00250296 0.00319481 0.00552800 0.00552959 0.00353816 0.00333724 0.00325590 0.00292525 0.00290212 0.00225718 0.00329090 0.00285166 0.00378466 0.00273574 0.00275049 0.00302805 0.00306315 0.00325831 0.00323061 0.00337207 0.00298448 0.00303740 0.00261253 0.00260028 0.00241664 0.00352377 0.00327713 0.00291709 0.00293711 0.00333344 0.00258887 0.00314441 0.00280306 0.00242548 0.00252734 0.00297442 0.00242596 0.00322744 0.00342288 0.00289699 0.00296030 0.00299849 0.00551643 0.00254502 0.00239997 0.00267502 0.00255172 0.01891230 0.01964430 0.00546876 0.00000000 0.00537599 0.00279166 
hyp29951   0.00571346 0.00118502 0.00497483 0.00517090 0.00509829 0.00466283 0.00098564 0.00514891 0.00523815 0.00132566 0.00101630 0.00544390 0.00543499 0.00536483 0.00528490 0.00545993 0.00417023 0.00547170 0.00493487 0.00609470 0.00518612 0.00498531 0.00465099 0.00497032 0.00570084 0.00457863 0.00534255 0.00528078 0.00560486 0.00394723 0.00440834 0.00357435 0.00578747 0.00557923 0.00508760 0.00473456 0.00548976 0.00339409 0.00402845 0.00482720 0.00428035 0.00478340 0.00414172 0.00417025 0.00464822 0.00569082 0.00587912 0.00459038 0.00513693 0.00119499 0.00522959 0.00459024 0.00422710 0.00473701 0.02209848 0.02270655 0.00106749 0.00537599 0.00000000 0.00526405 
