44
Dicaeum.hypoleucum.1271   0.0000000 0.0029106 0.0000010 0.0009626 0.0009629 0.0321287 0.0321287 0.0309712 0.0536623 0.0536623 0.0552181 0.0569527 0.0568024 0.0523548 0.0523548 0.0119339 0.0344965 0.0358277 0.0320643 0.0309330 0.0019348 0.0088762 0.0109705 0.0345116 0.0322732 0.0322732 0.0322090 0.0309204 0.0332805 0.0357506 0.0309330 0.0098992 0.0009629 0.0009629 0.0098969 0.0029074 0.0009613 0.0098969 0.0009613 0.0000010 0.0309204 0.0346675 0.0321182 0.2725009 
Dicaeum.hypoleucum.1273   0.0029106 0.0000000 0.0029106 0.0038950 0.0038961 0.0357684 0.0357684 0.0345882 0.0579372 0.0579372 0.0595469 0.0613560 0.0611894 0.0566019 0.0566019 0.0150832 0.0381887 0.0395663 0.0356948 0.0345442 0.0048895 0.0119655 0.0141194 0.0382067 0.0359360 0.0359360 0.0358617 0.0345290 0.0369424 0.0394780 0.0345442 0.0130116 0.0038961 0.0038961 0.0130082 0.0058780 0.0038896 0.0130082 0.0038896 0.0029158 0.0345290 0.0383845 0.0357565 0.2790475 
Dicaeum.hypoleucum.1275   0.0000010 0.0029106 0.0000000 0.0009626 0.0009629 0.0321287 0.0321287 0.0309712 0.0536623 0.0536623 0.0552181 0.0569527 0.0568024 0.0523548 0.0523548 0.0119339 0.0344965 0.0358277 0.0320643 0.0309330 0.0019348 0.0088762 0.0109705 0.0345116 0.0322732 0.0322732 0.0322090 0.0309204 0.0332805 0.0357506 0.0309330 0.0098992 0.0009629 0.0009629 0.0098969 0.0029074 0.0009613 0.0098969 0.0009613 0.0000010 0.0309204 0.0346675 0.0321182 0.2725009 
Dicaeum.hypoleucum.14037  0.0009626 0.0038950 0.0009626 0.0000000 0.0019342 0.0333370 0.0333370 0.0321724 0.0550867 0.0550867 0.0566609 0.0584207 0.0582650 0.0537695 0.0537695 0.0129770 0.0357227 0.0370695 0.0332696 0.0321316 0.0029127 0.0098992 0.0120133 0.0357388 0.0334898 0.0334898 0.0334216 0.0321182 0.0344965 0.0369888 0.0321316 0.0109299 0.0019342 0.0019342 0.0109273 0.0038908 0.0019311 0.0109273 0.0019311 0.0009644 0.0321182 0.0359019 0.0333261 0.2761907 
Dicaeum.hypoleucum.14065  0.0009629 0.0038961 0.0009629 0.0019342 0.0000000 0.0309305 0.0309305 0.0297811 0.0551069 0.0551069 0.0566819 0.0584427 0.0582868 0.0537892 0.0537892 0.0129809 0.0332805 0.0345965 0.0308689 0.0297435 0.0029136 0.0099021 0.0120169 0.0332947 0.0310681 0.0310681 0.0310058 0.0297317 0.0320747 0.0345230 0.0297435 0.0109331 0.0019348 0.0019348 0.0109305 0.0038919 0.0019316 0.0109305 0.0019316 0.0009647 0.0297317 0.0334436 0.0309204 0.2688018 
Dicaeum.hypoleucum.17969  0.0321287 0.0357684 0.0321287 0.0333370 0.0309305 0.0000000 0.0000010 0.0029209 0.0568333 0.0568333 0.0584386 0.0602393 0.0600759 0.0554975 0.0554975 0.0392374 0.0019379 0.0110157 0.0019379 0.0089228 0.0345784 0.0356452 0.0382986 0.0099567 0.0099883 0.0099883 0.0079301 0.0009661 0.0029183 0.0109971 0.0068997 0.0344112 0.0309305 0.0333480 0.0344814 0.0357185 0.0332805 0.0344814 0.0332805 0.0321934 0.0009661 0.0099936 0.0019405 0.2583566 
Dicaeum.hypoleucum.17976  0.0321287 0.0357684 0.0321287 0.0333370 0.0309305 0.0000010 0.0000000 0.0029209 0.0568333 0.0568333 0.0584386 0.0602393 0.0600759 0.0554975 0.0554975 0.0392374 0.0019379 0.0110157 0.0019379 0.0089228 0.0345784 0.0356452 0.0382986 0.0099567 0.0099883 0.0099883 0.0079301 0.0009661 0.0029183 0.0109971 0.0068997 0.0344112 0.0309305 0.0333480 0.0344814 0.0357185 0.0332805 0.0344814 0.0332805 0.0321934 0.0009661 0.0099936 0.0019405 0.2583566 
Dicaeum.hypoleucum.18070  0.0309712 0.0345882 0.0309712 0.0321724 0.0297811 0.0029209 0.0029209 0.0000000 0.0554769 0.0554769 0.0570671 0.0573640 0.0586880 0.0541481 0.0541481 0.0380425 0.0048974 0.0120564 0.0029161 0.0099462 0.0334048 0.0344700 0.0371000 0.0109879 0.0110230 0.0110230 0.0089503 0.0019396 0.0039035 0.0120359 0.0079107 0.0332445 0.0297811 0.0321829 0.0333118 0.0345404 0.0321182 0.0333118 0.0321182 0.0310335 0.0019396 0.0110290 0.0029201 0.2556294 
Dicaeum.hypoleucum.18159  0.0536623 0.0579372 0.0536623 0.0550867 0.0551069 0.0568333 0.0568333 0.0554769 0.0000000 0.0000010 0.0029101 0.0058947 0.0039001 0.0009621 0.0009621 0.0618517 0.0596484 0.0581942 0.0566963 0.0579732 0.0565666 0.0577009 0.0609700 0.0565600 0.0597731 0.0597731 0.0568505 0.0553645 0.0552526 0.0580345 0.0552323 0.0591568 0.0522515 0.0551069 0.0563727 0.0551069 0.0549761 0.0563727 0.0549761 0.0537810 0.0553645 0.0598381 0.0568122 0.3426022 
Dicaeum.hypoleucum.18188  0.0536623 0.0579372 0.0536623 0.0550867 0.0551069 0.0568333 0.0568333 0.0554769 0.0000010 0.0000000 0.0029101 0.0058947 0.0039001 0.0009621 0.0009621 0.0618517 0.0596484 0.0581942 0.0566963 0.0579732 0.0565666 0.0577009 0.0609700 0.0565600 0.0597731 0.0597731 0.0568505 0.0553645 0.0552526 0.0580345 0.0552323 0.0591568 0.0522515 0.0551069 0.0563727 0.0551069 0.0549761 0.0563727 0.0549761 0.0537810 0.0553645 0.0598381 0.0568122 0.3426022 
Dicaeum.hypoleucum.18191  0.0552181 0.0595469 0.0552181 0.0566609 0.0566819 0.0584386 0.0584386 0.0570671 0.0029101 0.0029101 0.0000000 0.0069146 0.0049013 0.0019356 0.0019356 0.0634992 0.0612876 0.0598156 0.0582959 0.0595840 0.0581611 0.0593009 0.0626231 0.0581540 0.0614177 0.0614177 0.0584574 0.0569499 0.0568333 0.0596484 0.0568122 0.0607758 0.0537892 0.0566819 0.0579587 0.0566819 0.0565457 0.0579587 0.0565457 0.0553412 0.0569499 0.0614860 0.0584167 0.3454775 
Dicaeum.hypoleucum.18193  0.0569527 0.0613560 0.0569527 0.0584207 0.0584427 0.0602393 0.0602393 0.0573640 0.0058947 0.0058947 0.0069146 0.0000000 0.0079442 0.0049009 0.0049009 0.0653641 0.0631360 0.0616390 0.0600897 0.0613944 0.0569740 0.0610980 0.0644918 0.0599409 0.0632730 0.0632730 0.0602601 0.0587235 0.0586011 0.0614626 0.0585790 0.0625993 0.0554991 0.0584427 0.0597358 0.0584427 0.0582998 0.0597358 0.0582998 0.0570812 0.0587235 0.0633452 0.0602164 0.3534005 
Dicaeum.hypoleucum.18223  0.0568024 0.0611894 0.0568024 0.0582650 0.0582868 0.0600759 0.0600759 0.0586880 0.0039001 0.0039001 0.0049013 0.0079442 0.0000000 0.0029183 0.0029183 0.0651836 0.0629619 0.0614705 0.0599272 0.0612276 0.0597871 0.0609331 0.0643128 0.0597794 0.0630979 0.0630979 0.0600965 0.0585658 0.0584443 0.0612953 0.0584223 0.0624286 0.0553540 0.0582868 0.0595756 0.0582868 0.0581449 0.0595756 0.0581449 0.0569301 0.0585658 0.0631696 0.0600531 0.3555882 
Dicaeum.hypoleucum.19178  0.0523548 0.0566019 0.0523548 0.0537695 0.0537892 0.0554975 0.0554975 0.0541481 0.0009621 0.0009621 0.0019356 0.0049009 0.0029183 0.0000000 0.0000010 0.0605011 0.0582959 0.0568505 0.0553645 0.0566372 0.0552385 0.0563727 0.0596115 0.0552323 0.0584167 0.0584167 0.0555134 0.0540391 0.0539307 0.0566963 0.0539109 0.0578187 0.0509536 0.0537892 0.0550507 0.0537892 0.0536623 0.0550507 0.0536623 0.0524703 0.0540391 0.0584794 0.0554769 0.3454775 
Dicaeum.hypoleucum.19254  0.0523548 0.0566019 0.0523548 0.0537695 0.0537892 0.0554975 0.0554975 0.0541481 0.0009621 0.0009621 0.0019356 0.0049009 0.0029183 0.0000010 0.0000000 0.0605011 0.0582959 0.0568505 0.0553645 0.0566372 0.0552385 0.0563727 0.0596115 0.0552323 0.0584167 0.0584167 0.0555134 0.0540391 0.0539307 0.0566963 0.0539109 0.0578187 0.0509536 0.0537892 0.0550507 0.0537892 0.0536623 0.0550507 0.0536623 0.0524703 0.0540391 0.0584794 0.0554769 0.3454775 
Dicaeum.hypoleucum.1956   0.0119339 0.0150832 0.0119339 0.0129770 0.0129809 0.0392374 0.0392374 0.0380425 0.0618517 0.0618517 0.0634992 0.0653641 0.0651836 0.0605011 0.0605011 0.0000000 0.0416920 0.0431056 0.0391555 0.0379939 0.0140365 0.0028998 0.0048856 0.0417129 0.0394262 0.0394262 0.0393433 0.0379762 0.0404249 0.0430067 0.0379939 0.0038805 0.0108986 0.0129809 0.0038798 0.0150654 0.0129581 0.0038798 0.0129581 0.0119561 0.0379762 0.0419112 0.0392243 0.2786184 
Dicaeum.hypoleucum.20213  0.0344965 0.0381887 0.0344965 0.0357227 0.0332805 0.0019379 0.0019379 0.0048974 0.0596484 0.0596484 0.0612876 0.0631360 0.0629619 0.0582959 0.0582959 0.0416920 0.0000000 0.0130993 0.0038989 0.0109721 0.0369841 0.0380552 0.0407602 0.0120214 0.0120600 0.0120600 0.0099734 0.0029175 0.0048930 0.0130768 0.0089248 0.0368022 0.0332805 0.0357345 0.0368783 0.0381345 0.0356612 0.0368783 0.0356612 0.0345664 0.0029175 0.0120667 0.0039043 0.2646310 
Dicaeum.hypoleucum.20246  0.0358277 0.0395663 0.0358277 0.0370695 0.0345965 0.0110157 0.0110157 0.0120564 0.0581942 0.0581942 0.0598156 0.0616390 0.0614705 0.0568505 0.0568505 0.0431056 0.0130993 0.0000000 0.0109965 0.0059040 0.0383479 0.0394262 0.0421737 0.0069172 0.0048878 0.0048878 0.0029110 0.0099734 0.0120455 0.0079376 0.0059040 0.0381567 0.0345965 0.0370819 0.0382366 0.0395095 0.0370049 0.0382366 0.0370049 0.0359009 0.0099734 0.0048901 0.0110124 0.2772252 
Dicaeum.hypoleucum.20276  0.0320643 0.0356948 0.0320643 0.0332696 0.0308689 0.0019379 0.0019379 0.0029161 0.0566963 0.0566963 0.0582959 0.0600897 0.0599272 0.0553645 0.0553645 0.0391555 0.0038989 0.0109965 0.0000000 0.0089075 0.0345078 0.0355723 0.0382185 0.0099395 0.0099710 0.0099710 0.0079165 0.0009645 0.0009650 0.0109780 0.0068880 0.0343414 0.0308689 0.0332805 0.0344112 0.0356452 0.0332133 0.0344112 0.0332133 0.0321287 0.0009645 0.0099763 0.0019374 0.2646310 
Dicaeum.hypoleucum.20360  0.0309330 0.0345442 0.0309330 0.0321316 0.0297435 0.0089228 0.0089228 0.0099462 0.0579732 0.0579732 0.0595840 0.0613944 0.0612276 0.0566372 0.0566372 0.0379939 0.0109721 0.0059040 0.0089075 0.0000000 0.0333623 0.0344262 0.0370524 0.0048925 0.0029274 0.0029274 0.0029226 0.0078996 0.0099372 0.0058945 0.0038978 0.0332025 0.0297435 0.0321421 0.0332696 0.0344965 0.0320776 0.0332696 0.0320776 0.0309941 0.0078996 0.0049099 0.0089202 0.2591443 
Dicaeum.hypoleucum.20921  0.0019348 0.0048895 0.0019348 0.0029127 0.0029136 0.0345784 0.0345784 0.0334048 0.0565666 0.0565666 0.0581611 0.0569740 0.0597871 0.0552385 0.0552385 0.0140365 0.0369841 0.0383479 0.0345078 0.0333623 0.0000000 0.0109364 0.0130720 0.0370011 0.0347388 0.0347388 0.0346675 0.0333480 0.0357464 0.0382633 0.0333623 0.0119755 0.0029136 0.0029136 0.0119726 0.0048841 0.0029088 0.0119726 0.0029088 0.0019383 0.0333480 0.0371719 0.0345670 0.2650927 
Dicaeum.hypoleucum.2208   0.0088762 0.0119655 0.0088762 0.0098992 0.0099021 0.0356452 0.0356452 0.0344700 0.0577009 0.0577009 0.0593009 0.0610980 0.0609331 0.0563727 0.0563727 0.0028998 0.0380552 0.0394262 0.0355723 0.0344262 0.0109364 0.0000000 0.0019381 0.0380730 0.0358115 0.0358115 0.0357378 0.0344112 0.0368144 0.0393386 0.0344262 0.0009615 0.0078608 0.0099021 0.0009613 0.0119517 0.0098851 0.0009613 0.0098851 0.0088926 0.0344112 0.0382494 0.0356335 0.2827779 
Dicaeum.hypoleucum.2253   0.0109705 0.0141194 0.0109705 0.0120133 0.0120169 0.0382986 0.0382986 0.0371000 0.0609700 0.0609700 0.0626231 0.0644918 0.0643128 0.0596115 0.0596115 0.0048856 0.0407602 0.0421737 0.0382185 0.0370524 0.0130720 0.0019381 0.0000000 0.0407805 0.0384828 0.0384828 0.0384018 0.0370352 0.0394903 0.0420770 0.0370524 0.0029178 0.0099357 0.0120169 0.0029173 0.0141028 0.0119959 0.0029173 0.0119959 0.0109911 0.0370352 0.0409745 0.0382858 0.2921131 
Dicaeum.hypoleucum.25622  0.0345116 0.0382067 0.0345116 0.0357388 0.0332947 0.0099567 0.0099567 0.0109879 0.0565600 0.0565600 0.0581540 0.0599409 0.0597794 0.0552323 0.0552323 0.0417129 0.0120214 0.0069172 0.0099395 0.0048925 0.0370011 0.0380730 0.0407805 0.0000000 0.0059139 0.0059139 0.0039130 0.0089248 0.0109780 0.0009635 0.0048925 0.0368190 0.0332947 0.0357506 0.0368952 0.0381525 0.0356772 0.0368952 0.0356772 0.0345816 0.0089248 0.0059169 0.0099538 0.2654296 
Dicaeum.hypoleucum.25637  0.0322732 0.0359360 0.0322732 0.0334898 0.0310681 0.0099883 0.0099883 0.0110230 0.0597731 0.0597731 0.0614177 0.0632730 0.0630979 0.0584167 0.0584167 0.0394262 0.0120600 0.0048878 0.0099710 0.0029274 0.0347388 0.0358115 0.0384828 0.0059139 0.0000000 0.0000010 0.0019359 0.0089529 0.0110130 0.0069275 0.0049076 0.0345698 0.0310681 0.0335008 0.0346407 0.0358856 0.0334326 0.0346407 0.0334326 0.0323386 0.0089529 0.0039023 0.0099854 0.2604028 
Dicaeum.hypoleucum.25653  0.0322732 0.0359360 0.0322732 0.0334898 0.0310681 0.0099883 0.0099883 0.0110230 0.0597731 0.0597731 0.0614177 0.0632730 0.0630979 0.0584167 0.0584167 0.0394262 0.0120600 0.0048878 0.0099710 0.0029274 0.0347388 0.0358115 0.0384828 0.0059139 0.0000010 0.0000000 0.0019359 0.0089529 0.0110130 0.0069275 0.0049076 0.0345698 0.0310681 0.0335008 0.0346407 0.0358856 0.0334326 0.0346407 0.0334326 0.0323386 0.0089529 0.0039023 0.0099854 0.2604028 
Dicaeum.hypoleucum.25868  0.0322090 0.0358617 0.0322090 0.0334216 0.0310058 0.0079301 0.0079301 0.0089503 0.0568505 0.0568505 0.0584574 0.0602601 0.0600965 0.0555134 0.0555134 0.0393433 0.0099734 0.0029110 0.0079165 0.0029226 0.0346675 0.0357378 0.0384018 0.0039130 0.0019359 0.0019359 0.0000000 0.0069109 0.0089422 0.0049109 0.0029226 0.0344993 0.0310058 0.0334326 0.0345698 0.0358115 0.0333647 0.0345698 0.0333647 0.0322731 0.0069109 0.0019367 0.0079277 0.2668646 
Dicaeum.hypoleucum.25880  0.0309204 0.0345290 0.0309204 0.0321182 0.0297317 0.0009661 0.0009661 0.0019396 0.0553645 0.0553645 0.0569499 0.0587235 0.0585658 0.0540391 0.0540391 0.0379762 0.0029175 0.0099734 0.0009645 0.0078996 0.0333480 0.0344112 0.0370352 0.0089248 0.0089529 0.0089529 0.0069109 0.0000000 0.0019379 0.0099567 0.0058904 0.0331884 0.0297317 0.0321287 0.0332554 0.0344814 0.0320643 0.0332554 0.0320643 0.0309815 0.0000010 0.0089576 0.0009658 0.2620842 
Dicaeum.hypoleucum.25921  0.0332805 0.0369424 0.0332805 0.0344965 0.0320747 0.0029183 0.0029183 0.0039035 0.0552526 0.0552526 0.0568333 0.0586011 0.0584443 0.0539307 0.0539307 0.0404249 0.0048930 0.0120455 0.0009650 0.0099372 0.0357464 0.0368144 0.0394903 0.0109780 0.0110130 0.0110130 0.0089422 0.0019379 0.0000000 0.0120250 0.0079036 0.0355723 0.0320747 0.0345078 0.0356452 0.0368905 0.0344376 0.0356452 0.0344376 0.0333477 0.0019379 0.0110190 0.0029175 0.2684928 
Dicaeum.hypoleucum.26975  0.0357506 0.0394780 0.0357506 0.0369888 0.0345230 0.0109971 0.0109971 0.0120359 0.0580345 0.0580345 0.0596484 0.0614626 0.0612953 0.0566963 0.0566963 0.0430067 0.0130768 0.0079376 0.0109780 0.0058945 0.0382633 0.0393386 0.0420770 0.0009635 0.0069275 0.0069275 0.0049109 0.0099567 0.0120250 0.0000000 0.0058945 0.0380730 0.0345230 0.0370011 0.0381525 0.0394214 0.0369244 0.0381525 0.0369244 0.0358235 0.0099567 0.0069310 0.0109938 0.2617079 
Dicaeum.hypoleucum.26984  0.0309330 0.0345442 0.0309330 0.0321316 0.0297435 0.0068997 0.0068997 0.0079107 0.0552323 0.0552323 0.0568122 0.0585790 0.0584223 0.0539109 0.0539109 0.0379939 0.0089248 0.0059040 0.0068880 0.0038978 0.0333623 0.0344262 0.0370524 0.0048925 0.0049076 0.0049076 0.0029226 0.0058904 0.0079036 0.0058945 0.0000000 0.0332025 0.0297435 0.0321421 0.0332696 0.0344965 0.0320776 0.0332696 0.0320776 0.0309941 0.0058904 0.0049099 0.0068977 0.2628788 
Dicaeum.hypoleucum.27182  0.0098992 0.0130116 0.0098992 0.0109299 0.0109331 0.0344112 0.0344112 0.0332445 0.0591568 0.0591568 0.0607758 0.0625993 0.0624286 0.0578187 0.0578187 0.0038805 0.0368022 0.0381567 0.0343414 0.0332025 0.0119755 0.0009615 0.0029178 0.0368190 0.0345698 0.0345698 0.0344993 0.0331884 0.0355723 0.0380730 0.0332025 0.0000000 0.0088762 0.0109331 0.0019311 0.0129965 0.0109142 0.0019311 0.0109142 0.0099176 0.0331884 0.0369878 0.0343999 0.2863993 
Dicaeum.hypoleucum.27450  0.0009629 0.0038961 0.0009629 0.0019342 0.0019348 0.0309305 0.0309305 0.0297811 0.0522515 0.0522515 0.0537892 0.0554991 0.0553540 0.0509536 0.0509536 0.0108986 0.0332805 0.0345965 0.0308689 0.0297435 0.0029136 0.0078608 0.0099357 0.0332947 0.0310681 0.0310681 0.0310058 0.0297317 0.0320747 0.0345230 0.0297435 0.0088762 0.0000000 0.0019348 0.0088742 0.0038919 0.0019316 0.0088742 0.0019316 0.0009647 0.0297317 0.0334436 0.0309204 0.2688018 
Dicaeum.hypoleucum.28376  0.0009629 0.0038961 0.0009629 0.0019342 0.0019348 0.0333480 0.0333480 0.0321829 0.0551069 0.0551069 0.0566819 0.0584427 0.0582868 0.0537892 0.0537892 0.0129809 0.0357345 0.0370819 0.0332805 0.0321421 0.0029136 0.0099021 0.0120169 0.0357506 0.0335008 0.0335008 0.0334326 0.0321287 0.0345078 0.0370011 0.0321421 0.0109331 0.0019348 0.0000000 0.0109305 0.0038919 0.0019316 0.0109305 0.0019316 0.0009647 0.0321287 0.0334436 0.0333370 0.2763461 
Dicaeum.hypoleucum.28584  0.0098969 0.0130082 0.0098969 0.0109273 0.0109305 0.0344814 0.0344814 0.0333118 0.0563727 0.0563727 0.0579587 0.0597358 0.0595756 0.0550507 0.0550507 0.0038798 0.0368783 0.0382366 0.0344112 0.0332696 0.0119726 0.0009613 0.0029173 0.0368952 0.0346407 0.0346407 0.0345698 0.0332554 0.0356452 0.0381525 0.0332696 0.0019311 0.0088742 0.0109305 0.0000000 0.0129932 0.0109116 0.0000010 0.0109116 0.0099153 0.0332554 0.0370648 0.0344700 0.2803267 
Dicaeum.hypoleucum.3274   0.0029074 0.0058780 0.0029074 0.0038908 0.0038919 0.0357185 0.0357185 0.0345404 0.0551069 0.0551069 0.0566819 0.0584427 0.0582868 0.0537892 0.0537892 0.0150654 0.0381345 0.0395095 0.0356452 0.0344965 0.0048841 0.0119517 0.0141028 0.0381525 0.0358856 0.0358856 0.0358115 0.0344814 0.0368905 0.0394214 0.0344965 0.0129965 0.0038919 0.0038919 0.0129932 0.0000000 0.0038855 0.0129932 0.0038855 0.0029127 0.0344814 0.0383297 0.0357067 0.2763461 
Dicaeum.hypoleucum.3275   0.0009613 0.0038896 0.0009613 0.0019311 0.0019316 0.0332805 0.0332805 0.0321182 0.0549761 0.0549761 0.0565457 0.0582998 0.0581449 0.0536623 0.0536623 0.0129581 0.0356612 0.0370049 0.0332133 0.0320776 0.0029088 0.0098851 0.0119959 0.0356772 0.0334326 0.0334326 0.0333647 0.0320643 0.0344376 0.0369244 0.0320776 0.0109142 0.0019316 0.0019316 0.0109116 0.0038855 0.0000000 0.0109116 0.0019285 0.0009631 0.0320643 0.0358396 0.0332696 0.2750030 
Dicaeum.hypoleucum.357608 0.0098969 0.0130082 0.0098969 0.0109273 0.0109305 0.0344814 0.0344814 0.0333118 0.0563727 0.0563727 0.0579587 0.0597358 0.0595756 0.0550507 0.0550507 0.0038798 0.0368783 0.0382366 0.0344112 0.0332696 0.0119726 0.0009613 0.0029173 0.0368952 0.0346407 0.0346407 0.0345698 0.0332554 0.0356452 0.0381525 0.0332696 0.0019311 0.0088742 0.0109305 0.0000010 0.0129932 0.0109116 0.0000000 0.0109116 0.0099153 0.0332554 0.0370648 0.0344700 0.2803267 
Dicaeum.hypoleucum.357611 0.0009613 0.0038896 0.0009613 0.0019311 0.0019316 0.0332805 0.0332805 0.0321182 0.0549761 0.0549761 0.0565457 0.0582998 0.0581449 0.0536623 0.0536623 0.0129581 0.0356612 0.0370049 0.0332133 0.0320776 0.0029088 0.0098851 0.0119959 0.0356772 0.0334326 0.0334326 0.0333647 0.0320643 0.0344376 0.0369244 0.0320776 0.0109142 0.0019316 0.0019316 0.0109116 0.0038855 0.0019285 0.0109116 0.0000000 0.0009631 0.0320643 0.0358396 0.0332696 0.2725009 
Dicaeum.hypoleucum.357614 0.0000010 0.0029158 0.0000010 0.0009644 0.0009647 0.0321934 0.0321934 0.0310335 0.0537810 0.0537810 0.0553412 0.0570812 0.0569301 0.0524703 0.0524703 0.0119561 0.0345664 0.0359009 0.0321287 0.0309941 0.0019383 0.0088926 0.0109911 0.0345816 0.0323386 0.0323386 0.0322731 0.0309815 0.0333477 0.0358235 0.0309941 0.0099176 0.0009647 0.0009647 0.0099153 0.0029127 0.0009631 0.0099153 0.0009631 0.0000000 0.0309815 0.0347382 0.0321829 0.2735402 
Dicaeum.hypoleucum.449787 0.0309204 0.0345290 0.0309204 0.0321182 0.0297317 0.0009661 0.0009661 0.0019396 0.0553645 0.0553645 0.0569499 0.0587235 0.0585658 0.0540391 0.0540391 0.0379762 0.0029175 0.0099734 0.0009645 0.0078996 0.0333480 0.0344112 0.0370352 0.0089248 0.0089529 0.0089529 0.0069109 0.0000010 0.0019379 0.0099567 0.0058904 0.0331884 0.0297317 0.0321287 0.0332554 0.0344814 0.0320643 0.0332554 0.0320643 0.0309815 0.0000000 0.0089576 0.0009658 0.2620842 
Dicaeum.hypoleucum.454950 0.0346675 0.0383845 0.0346675 0.0359019 0.0334436 0.0099936 0.0099936 0.0110290 0.0598381 0.0598381 0.0614860 0.0633452 0.0631696 0.0584794 0.0584794 0.0419112 0.0120667 0.0048901 0.0099763 0.0049099 0.0371719 0.0382494 0.0409745 0.0059169 0.0039023 0.0039023 0.0019367 0.0089576 0.0110190 0.0069310 0.0049099 0.0369878 0.0334436 0.0334436 0.0370648 0.0383297 0.0358396 0.0370648 0.0358396 0.0347382 0.0089576 0.0000000 0.0099907 0.2670237 
Dicaeum.hypoleucum.472816 0.0321182 0.0357565 0.0321182 0.0333261 0.0309204 0.0019405 0.0019405 0.0029201 0.0568122 0.0568122 0.0584167 0.0602164 0.0600531 0.0554769 0.0554769 0.0392243 0.0039043 0.0110124 0.0019374 0.0089202 0.0345670 0.0356335 0.0382858 0.0099538 0.0099854 0.0099854 0.0079277 0.0009658 0.0029175 0.0109938 0.0068977 0.0343999 0.0309204 0.0333370 0.0344700 0.0357067 0.0332696 0.0344700 0.0332696 0.0321829 0.0009658 0.0099907 0.0000000 0.2582036 
Dicaeum.nigrilore.357592  0.2725009 0.2790475 0.2725009 0.2761907 0.2688018 0.2583566 0.2583566 0.2556294 0.3426022 0.3426022 0.3454775 0.3534005 0.3555882 0.3454775 0.3454775 0.2786184 0.2646310 0.2772252 0.2646310 0.2591443 0.2650927 0.2827779 0.2921131 0.2654296 0.2604028 0.2604028 0.2668646 0.2620842 0.2684928 0.2617079 0.2628788 0.2863993 0.2688018 0.2763461 0.2803267 0.2763461 0.2750030 0.2803267 0.2725009 0.2735402 0.2620842 0.2670237 0.2582036 0.0000000 
